90
112
158
116
189
178
212
27
49
95
245
133
203
70
94
44
114
198
200
117
64
155
202
43
42
247
159
44
228
212
42
98
255
137
55
245
85
156
4
191
166
216
0
1
131
159
210
84
107
129
157
226
53
13
131
213
173
230
104
16
130
26
248
29
96
176
235
103
89
128
135
170
137
72
103
167
250
251
124
28
197
92
81
243
122
204
147
186
194
96
208
83
67
55
127
237
196
11
65
51
146
5
102
194
34
214
179
225
247
3
98
108
198
128
107
18
217
129
2
193
177
141
97
93
239
212
199
184
117
194
193
191
200
212
168
241
184
171
107
22
68
95
142
45
184
21
115
166
24
212
217
209
193
148
162
151
78
152
217
104
185
254
243
116
194
149
85
30
149
238
23
173
167
182
8
69
225
66
242
23
0
108
31
212
60
158
27
103
39
44
188
227
217
231
96
186
74
239
118
49
255
200
64
16
233
176
214
158
138
48
111
204
89
242
220
177
104
210
85
54
68
55
120
19
28
164
143
250
38
138
18
17
63
97
109
166
210
246
2
31
250
7
114
47
235
13
24
80
142
89
215
109
107
98
22
222
204
94
8
154
31
15
49
168
157
224
38
215
41
48
148
175
123
238
131
167
125
102
220
153
245
90
41
114
101
85
157
46
47
60
84
4
253
38
219
221
96
109
243
11
184
6
146
56
83
13
43
156
217
164
47
116
231
254
212
175
250
183
21
234
143
103
250
158
136
118
25
152
210
50
93
170
69
30
6
161
203
141
241
118
197
112
26
201
170
109
95
138
241
49
135
250
50
6
130
210
136
168
242
193
57
84
235
28
153
35
247
210
43
150
94
158
10
114
164
128
135
206
82
109
20
106
250
70
97
66
117
7
196
99
111
65
222
254
38
202
124
187
110
178
187
79
249
122
112
81
213
129
198
73
54
191
41
11
118
181
99
67
90
164
5
80
151
254
9
86
148
26
181
142
114
43
195
225
74
115
190
182
181
180
175
8
146
232
249
187
3
49
130
48
185
19
19
23
114
225
2
132
191
117
14
69
11
36
138
116
217
242
190
72
77
1
138
48
238
80
76
35
170
162
4
49
27
187
182
95
8
210
16
177
47
68
77
136
65
134
89
46
47
93
54
176
164
81
158
236
210
95
234
234
114
238
50
112
6
4
182
208
98
186
124
5
106
237
59
254
29
55
120
58
211
29
239
149
194
138
52
98
199
125
154
185
100
254
84
18
5
86
218
19
135
127
143
167
250
218
160
80
166
32
47
190
77
155
177
160
176
150
148
186
84
18
37
56
134
186
178
66
157
25
235
208
127
11
142
192
103
113
68
38
229
41
198
227
38
62
67
121
117
91
6
29
2
134
84
14
226
10
147
38
88
181
178
174
83
68
196
119
55
28
238
38
224
59
132
208
229
109
111
199
25
195
210
179
88
65
237
228
128
215
65
230
189
147
244
86
10
20
120
245
244
66
104
251
161
60
178
174
18
146
251
50
165
181
63
163
222
171
184
97
102
7
2
171
84
25
124
112
172
98
241
97
37
74
120
75
48
22
152
164
53
20
176
100
32
24
150
22
28
44
127
46
158
132
31
157
166
176
17
163
66
21
120
228
83
158
231
191
147
175
126
219
215
91
86
2
146
214
32
51
155
45
8
242
48
52
224
227
58
192
122
151
210
23
85
166
5
165
124
254
212
241
172
122
127
207
181
183
4
214
34
35
226
20
28
86
34
1
140
166
152
178
128
245
103
79
208
206
195
199
1
177
251
194
105
170
182
216
148
40
124
0
231
13
121
75
131
2
126
210
109
13
73
236
235
101
6
165
49
133
22
108
60
127
14
12
255
147
3
222
189
0
5
60
182
26
233
56
5
157
76
142
201
65
212
216
131
142
185
1
191
242
132
252
247
17
23
182
180
92
238
73
246
229
164
114
214
113
185
69
106
207
146
31
233
105
193
221
15
25
135
75
195
62
151
223
248
14
29
168
209
46
255
129
8
128
99
138
144
60
113
217
121
66
90
108
21
174
153
98
89
173
121
107
133
144
215
126
8
31
41
202
157
48
191
238
187
120
73
108
44
160
154
91
251
155
171
93
148
56
227
209
39
243
149
74
77
17
203
63
238
236
66
4
98
139
181
248
214
117
94
1
242
199
187
53
185
133
142
218
176
46
39
145
66
147
229
206
99
232
251
139
116
28
112
62
102
102
106
8
35
33
171
47
41
217
92
206
120
166
9
203
175
184
238
10
114
52
113
224